0 25 99.8 34354160 1934980 2156424 8
1 25 101.8 34354160 3174752 0 43
2 25 99.8 34354160 3174752 0 0
3 25 99.8 34354160 3174752 0 0
4 25 99.8 34354160 3174752 0 0
5 25 199.6 34354160 3174756 0 0
6 25 199.7 34354160 3174556 1 0
7 25 199.7 34354160 3174556 0 0
8 25 199.6 34354160 3174556 0 0
9 25 201.7 34354160 3174556 0 0
10 25 201.6 34354160 3174556 0 0
11 25 201.7 34354160 3174556 0 0
12 25 652.8 34354160 6336596 37943 115
13 25 99.8 34354160 10809576 0 0
14 25 99.8 34354160 10860928 0 0
15 25 103.8 34354160 10861272 0 0
16 25 99.8 34354160 10861272 0 0
17 25 99.8 34354160 12249828 1207 119
18 25 99.8 34354160 13998820 3244 0
19 25 97.8 34354160 17136356 0 0
20 25 99.8 37492712 18771748 2338026 6354456
21 25 99.8 40617716 21227156 0 0
22 26 225.6 41969476 23390364 0 0
23 28 1216.4 41969476 23390372 0 0
24 45 1350.2 42080188 23564256 0 0
25 27 1293.6 41987928 23413340 0 0
26 27 1054.1 41969476 23409080 0 0
27 25 149.7 41967424 23390368 0 0
28 28 1870.7 41969476 23400708 0 0
29 45 1900.4 42532096 24022536 0 0
30 45 1900.6 42532096 24022536 0 0
31 45 1900.6 42532096 24022536 0 0
32 28 584.9 42013832 23462548 0 0
33 25 535.1 41967424 23390368 0 0
34 45 419.2 41969476 23391208 0 0
35 28 1561.1 41969476 23413136 0 0
36 45 851.1 41969476 23391176 0 0
37 25 99.8 41967424 23390368 0 0
38 25 99.8 41967424 23390368 0 0
39 45 1994.1 41969476 23495128 0 0
40 45 2000.6 41969476 23825696 0 0
41 45 2001.6 41969476 23825696 0 0
42 45 1996.3 41969476 23532584 0 0
43 33 1265.7 41969476 23436868 0 0
44 45 2000.8 43034004 24456048 0 0
45 45 2004.2 43034004 24456048 0 0
46 45 2001.3 43034004 24456048 0 0
47 45 2002.8 43034004 24456048 0 0
48 45 2002.3 43034004 24456048 0 0
49 45 2001.1 43034004 24456048 0 0
50 45 2000.4 43034004 24456048 0 0
51 45 2002.4 43034004 24456048 0 0
52 42 1868.6 42851916 24272860 0 0
53 26 199.6 42016164 23437108 0 0
54 25 850.5 41969476 23390404 0 0
55 25 1070.0 41967424 23390396 0 0
56 25 321.4 41967424 23390396 0 0
57 30 1866.7 41969476 23407624 0 0
58 45 1902.5 41969476 23748708 0 0
59 25 545.0 41967424 23390396 0 0
60 28 656.8 41967424 23390396 0 0
61 25 99.8 41967424 23390416 0 0
62 25 99.8 41967424 23390416 0 0
63 25 99.8 41967424 23390416 0 0
64 45 1986.0 41969476 23805816 0 0
65 45 1987.0 41969476 23587692 0 0
66 45 2002.2 42799264 24220212 0 0
67 45 2000.5 42799264 24220212 0 0
68 45 2002.3 42799264 24220212 0 0
69 45 2000.2 42799264 24220212 0 0
70 45 2002.2 42011748 23490528 0 0
71 45 1994.3 41969476 23785124 0 0
72 45 1988.4 42334756 23903152 0 0
73 45 1998.4 43187076 24608024 0 0
74 45 2002.4 43187076 24608024 0 0
75 45 2002.3 43187076 24608024 0 0
76 45 1996.7 43187076 24608024 0 0
77 45 1998.4 43187076 24608024 0 0
78 45 2000.7 43187076 24608024 0 0
79 45 2001.4 43187076 24608024 0 0
80 45 2000.3 43187076 24608024 0 0
81 45 2000.3 43187076 24608024 0 0
82 45 2000.3 43187076 24608024 0 0
83 45 2000.4 43187076 24608024 0 0
84 45 2000.4 43187076 24608024 0 0
85 45 2000.7 43187076 24608024 0 0
86 45 1998.4 43187076 24608024 0 0
87 45 2000.3 43187076 24608024 0 0
88 45 2000.4 43187076 24608024 0 0
89 45 2000.4 43126196 24566340 0 0
90 45 1998.2 42821796 24342644 0 0
91 45 1999.9 42007836 23614772 0 0
92 45 2002.8 42207456 23924700 0 0
93 45 2000.6 42207456 23670444 0 0
94 45 2002.3 42799264 24220212 0 0
95 45 2000.3 42760904 24200816 0 0
96 45 2000.1 42561284 24012460 0 0
97 44 1902.5 42561284 24080952 0 0
98 41 1824.7 41969476 23532120 0 0
99 39 1401.4 41969476 23683136 0 0
100 33 1373.5 41969476 23422676 0 0
101 45 1991.0 41969476 23804196 0 0
102 45 2000.3 41969476 23701120 0 0
103 45 1962.4 42797612 24218596 0 0
104 45 2000.6 42797612 24218596 0 0
105 45 2002.9 42797612 24218596 0 0
106 45 2001.5 42797612 24218596 0 0
107 45 2000.4 42560108 24029592 0 0
108 45 1996.4 41969476 23800856 0 0
109 45 1996.9 42030476 23552176 0 0
110 45 1994.6 43189476 24610460 0 0
111 45 2000.2 43189476 24610460 0 0
112 45 2001.5 43189476 24610460 0 0
113 45 2003.0 43189476 24610460 0 0
114 45 2002.9 43189476 24610460 0 0
115 45 2000.2 43189476 24610460 0 0
116 45 2002.3 43189476 24610460 0 0
117 45 2000.3 43189476 24610460 0 0
118 45 2000.8 43189476 24610460 0 0
119 45 2001.3 43189476 24610460 0 0
120 45 2001.2 43189476 24610460 0 0
121 45 1996.4 43189476 24610460 0 0
122 45 2000.2 43189476 24610460 0 0
123 45 2000.5 43189476 24610460 0 0
124 45 2002.1 43189476 24610460 0 0
125 45 2002.3 43189476 24610460 0 0
126 45 2004.3 43128476 24568424 0 0
127 45 2001.7 42823476 24310068 0 0
128 45 2003.2 42373608 23900540 0 0
129 45 1996.8 42206048 23919744 0 0
130 45 2000.9 42206048 23761460 0 0
131 45 1998.9 42794328 24215312 0 0
132 45 2002.3 42756196 24180448 0 0
133 45 2003.3 42557756 24024036 0 0
134 44 1932.8 42557756 24077460 0 0
135 44 1900.5 42053516 23563556 0 0
136 39 1401.4 41969476 23683172 0 0
137 39 1397.4 41969476 23528164 0 0
138 25 99.8 41967424 23390452 0 0
139 25 99.8 41967424 23390452 0 0
140 25 99.8 38842420 20265448 0 0
